xof 0303txt 0032

// DirectX 9.0 file
// Creator: Ultimate Unwrap3D Pro v3.27
// Website: http://www.unwrap3d.com
// Time: Wed May 25 11:23:10 2011

// Start of Templates

template VertexDuplicationIndices {
 <b8d65549-d7c9-4995-89cf-53a9a8b031e3>
 DWORD nIndices;
 DWORD nOriginalVertices;
 array DWORD indices[nIndices];
}

template FVFData {
 <b6e70a0e-8ef9-4e83-94ad-ecc8b0c04897>
 DWORD dwFVF;
 DWORD nDWords;
 array DWORD data[nDWords];
}

template Header {
 <3D82AB43-62DA-11cf-AB39-0020AF71E433>
 WORD major;
 WORD minor;
 DWORD flags;
}

template Vector {
 <3D82AB5E-62DA-11cf-AB39-0020AF71E433>
 FLOAT x;
 FLOAT y;
 FLOAT z;
}

template Coords2d {
 <F6F23F44-7686-11cf-8F52-0040333594A3>
 FLOAT u;
 FLOAT v;
}

template Matrix4x4 {
 <F6F23F45-7686-11cf-8F52-0040333594A3>
 array FLOAT matrix[16];
}

template ColorRGBA {
 <35FF44E0-6C7C-11cf-8F52-0040333594A3>
 FLOAT red;
 FLOAT green;
 FLOAT blue;
 FLOAT alpha;
}

template ColorRGB {
 <D3E16E81-7835-11cf-8F52-0040333594A3>
 FLOAT red;
 FLOAT green;
 FLOAT blue;
}

template IndexedColor {
 <1630B820-7842-11cf-8F52-0040333594A3>
 DWORD index;
 ColorRGBA indexColor;
}

template Material {
 <3D82AB4D-62DA-11cf-AB39-0020AF71E433>
 ColorRGBA faceColor;
 FLOAT power;
 ColorRGB specularColor;
 ColorRGB emissiveColor;
 [...]
}

template TextureFilename {
 <A42790E1-7810-11cf-8F52-0040333594A3>
 STRING filename;
}

template MeshFace {
 <3D82AB5F-62DA-11cf-AB39-0020AF71E433>
 DWORD nFaceVertexIndices;
 array DWORD faceVertexIndices[nFaceVertexIndices];
}

template MeshTextureCoords {
 <F6F23F40-7686-11cf-8F52-0040333594A3>
 DWORD nTextureCoords;
 array Coords2d textureCoords[nTextureCoords];
}

template MeshMaterialList {
 <F6F23F42-7686-11cf-8F52-0040333594A3>
 DWORD nMaterials;
 DWORD nFaceIndexes;
 array DWORD faceIndexes[nFaceIndexes];
 [Material]
}

template MeshNormals {
 <F6F23F43-7686-11cf-8F52-0040333594A3>
 DWORD nNormals;
 array Vector normals[nNormals];
 DWORD nFaceNormals;
 array MeshFace faceNormals[nFaceNormals];
}

template MeshVertexColors {
 <1630B821-7842-11cf-8F52-0040333594A3>
 DWORD nVertexColors;
 array IndexedColor vertexColors[nVertexColors];
}

template Mesh {
 <3D82AB44-62DA-11cf-AB39-0020AF71E433>
 DWORD nVertices;
 array Vector vertices[nVertices];
 DWORD nFaces;
 array MeshFace faces[nFaces];
 [...]
}

template FrameTransformMatrix {
 <F6F23F41-7686-11cf-8F52-0040333594A3>
 Matrix4x4 frameMatrix;
}

template Frame {
 <3D82AB46-62DA-11cf-AB39-0020AF71E433>
 [...]
}

template FloatKeys {
 <10DD46A9-775B-11cf-8F52-0040333594A3>
 DWORD nValues;
 array FLOAT values[nValues];
}

template TimedFloatKeys {
 <F406B180-7B3B-11cf-8F52-0040333594A3>
 DWORD time;
 FloatKeys tfkeys;
}

template AnimationKey {
 <10DD46A8-775B-11cf-8F52-0040333594A3>
 DWORD keyType;
 DWORD nKeys;
 array TimedFloatKeys keys[nKeys];
}

template AnimationOptions {
 <E2BF56C0-840F-11cf-8F52-0040333594A3>
 DWORD openclosed;
 DWORD positionquality;
}

template Animation {
 <3D82AB4F-62DA-11cf-AB39-0020AF71E433>
 [...]
}

template AnimationSet {
 <3D82AB50-62DA-11cf-AB39-0020AF71E433>
 [Animation]
}

template XSkinMeshHeader {
 <3CF169CE-FF7C-44ab-93C0-F78F62D172E2>
 WORD nMaxSkinWeightsPerVertex;
 WORD nMaxSkinWeightsPerFace;
 WORD nBones;
}

template SkinWeights {
 <6F0D123B-BAD2-4167-A0D0-80224F25FABB>
 STRING transformNodeName;
 DWORD nWeights;
 array DWORD vertexIndices[nWeights];
 array FLOAT weights[nWeights];
 Matrix4x4 matrixOffset;
}

template AnimTicksPerSecond {
 <9E415A43-7BA6-4a73-8743-B73D47E88476>
 DWORD AnimTicksPerSecond;
}

AnimTicksPerSecond {
 30;
}

// Start of Frames

   Frame Object02 {
      FrameTransformMatrix {
       1.000000, 0.000000, 0.000000, 0.000000,
       0.000000, 1.000000, 0.000000, 0.000000,
       0.000000, 0.000000, 1.000000, 0.000000,
       0.000010, 2.280109, -0.077150, 1.000000;;
      }

   }
   Frame villager {
      FrameTransformMatrix {
       -0.789036, 0.091010, -0.607568, 0.000000,
       0.076844, 0.995820, 0.049372, 0.000000,
       0.609522, -0.007732, -0.792731, 0.000000,
       0.030590, 2.130240, 0.066488, 1.000000;;
      }

      Frame villager_Pelvis {
         FrameTransformMatrix {
          -0.000000, 0.999996, 0.002774, 0.000000,
          -0.000001, -0.002774, 0.999996, 0.000000,
          1.000000, -0.000000, 0.000001, 0.000000,
          -0.000373, 0.000000, 0.087593, 1.000000;;
         }

         Frame villager_Spine {
            FrameTransformMatrix {
             0.988235, -0.152936, 0.001434, 0.000000,
             0.152819, 0.987014, -0.049498, 0.000000,
             0.006155, 0.049135, 0.998773, 0.000000,
             0.255383, -0.000730, -0.000442, 1.000000;;
            }

            Frame villager_Spine1 {
               FrameTransformMatrix {
                1.000000, 0.000000, 0.000000, 0.000000,
                0.000000, 1.000000, 0.000000, 0.000000,
                0.000000, 0.000000, 1.000000, 0.000000,
                0.555529, 0.000000, -0.000442, 1.000000;;
               }

               Frame villager_Neck {
                  FrameTransformMatrix {
                   0.916063, 0.000001, 0.401035, 0.000000,
                   -0.000001, 1.000000, -0.000000, 0.000000,
                   -0.401035, -0.000000, 0.916063, 0.000000,
                   0.555596, 0.000000, -0.000154, 1.000000;;
                  }

                  Frame villager_Head {
                     FrameTransformMatrix {
                      0.916019, 0.370927, -0.152718, 0.000000,
                      -0.372388, 0.644806, -0.667497, 0.000000,
                      -0.149119, 0.668310, 0.728783, 0.000000,
                      0.210887, 0.000000, 0.000000, 1.000000;;
                     }

                  }
                  Frame villager_L_Clavicle {
                     FrameTransformMatrix {
                      -0.085937, 0.990489, 0.107460, 0.000000,
                      0.912067, 0.121617, -0.391587, 0.000000,
                      -0.400932, 0.064359, -0.913844, 0.000000,
                      0.000000, 0.077726, 0.000168, 1.000000;;
                     }

                     Frame villager_L_UpperArm {
                        FrameTransformMatrix {
                         0.716880, -0.695550, 0.047900, 0.000000,
                         0.679051, 0.712144, 0.178156, 0.000000,
                         -0.158028, -0.095190, 0.982836, 0.000000,
                         0.440341, 0.000000, 0.000000, 1.000000;;
                        }

                        Frame villager_L_Forearm {
                           FrameTransformMatrix {
                            -0.361994, 0.000000, -0.932180, 0.000000,
                            0.000000, 1.000000, 0.000000, 0.000000,
                            0.932180, 0.000000, -0.361994, 0.000000,
                            0.849313, 0.000000, 0.000000, 1.000000;;
                           }

                           Frame villager_L_Hand {
                              FrameTransformMatrix {
                               0.999542, -0.021672, 0.021130, 0.000000,
                               -0.022653, -0.072661, 0.997099, 0.000000,
                               -0.020074, -0.997121, -0.073119, 0.000000,
                               0.666227, 0.000000, 0.000000, 1.000000;;
                              }

                              Frame villager_L_Finger0 {
                                 FrameTransformMatrix {
                                  0.803515, -0.498893, 0.324762, 0.000000,
                                  0.287469, -0.152534, -0.945566, 0.000000,
                                  0.521273, 0.853135, 0.020853, 0.000000,
                                  0.098968, -0.148764, 0.039309, 1.000000;;
                                 }

                                 Frame villager_L_Finger01 {
                                    FrameTransformMatrix {
                                     0.999922, 0.000000, -0.012513, 0.000000,
                                     0.000000, 1.000000, 0.000000, 0.000000,
                                     0.012513, 0.000000, 0.999922, 0.000000,
                                     0.126960, 0.000000, 0.000000, 1.000000;;
                                    }

                                 }
                              }
                              Frame villager_L_Finger1 {
                                 FrameTransformMatrix {
                                  0.999003, -0.033453, -0.029577, 0.000000,
                                  0.033407, 0.999440, -0.002019, 0.000000,
                                  0.029628, 0.001029, 0.999560, 0.000000,
                                  0.280160, -0.071985, 0.006534, 1.000000;;
                                 }

                                 Frame villager_L_Finger11 {
                                    FrameTransformMatrix {
                                     0.999604, 0.000000, -0.028135, 0.000000,
                                     0.000000, 1.000000, 0.000000, 0.000000,
                                     0.028135, 0.000000, 0.999604, 0.000000,
                                     0.119536, 0.000000, 0.000000, 1.000000;;
                                    }

                                 }
                              }
                              Frame villager_L_Finger2 {
                                 FrameTransformMatrix {
                                  0.983690, 0.179090, -0.016692, 0.000000,
                                  -0.179103, 0.983830, 0.000783, 0.000000,
                                  0.016562, 0.002219, 0.999860, 0.000000,
                                  0.289784, 0.007097, 0.007897, 1.000000;;
                                 }

                                 Frame villager_L_Finger21 {
                                    FrameTransformMatrix {
                                     0.999594, 0.000000, -0.028479, 0.000000,
                                     0.000000, 1.000000, 0.000000, 0.000000,
                                     0.028479, 0.000000, 0.999594, 0.000000,
                                     0.126298, 0.000000, 0.000000, 1.000000;;
                                    }

                                 }
                              }
                              Frame villager_L_Finger3 {
                                 FrameTransformMatrix {
                                  0.946873, 0.319227, 0.039059, 0.000000,
                                  -0.319499, 0.947586, 0.000755, 0.000000,
                                  -0.036771, -0.013194, 0.999237, 0.000000,
                                  0.285477, 0.093186, 0.003035, 1.000000;;
                                 }

                                 Frame villager_L_Finger31 {
                                    FrameTransformMatrix {
                                     0.999645, 0.000000, -0.026659, 0.000000,
                                     0.000000, 1.000000, 0.000000, 0.000000,
                                     0.026659, 0.000000, 0.999645, 0.000000,
                                     0.110673, 0.000000, 0.000000, 1.000000;;
                                    }

                                 }
                              }
                              Frame villager_L_Finger4 {
                                 FrameTransformMatrix {
                                  0.772394, 0.634943, -0.015955, 0.000000,
                                  -0.635016, 0.772499, 0.000615, 0.000000,
                                  0.012715, 0.009656, 0.999873, 0.000000,
                                  0.209291, 0.130755, 0.014516, 1.000000;;
                                 }

                                 Frame villager_L_Finger41 {
                                    FrameTransformMatrix {
                                     0.999626, 0.000000, -0.027357, 0.000000,
                                     0.000000, 1.000000, 0.000000, 0.000000,
                                     0.027356, 0.000000, 0.999626, 0.000000,
                                     0.098270, 0.000000, 0.000000, 1.000000;;
                                    }

                                 }
                              }
                           }
                        }
                     }
                  }
                  Frame villager_R_Clavicle {
                     FrameTransformMatrix {
                      0.002714, -0.995029, -0.099552, 0.000000,
                      -0.916456, -0.042309, 0.397895, 0.000000,
                      -0.400128, 0.090155, -0.912014, 0.000000,
                      0.000000, -0.077726, 0.000168, 1.000000;;
                     }

                     Frame villager_R_UpperArm {
                        FrameTransformMatrix {
                         0.943910, 0.298050, 0.142126, 0.000000,
                         -0.260582, 0.936723, -0.233768, 0.000000,
                         -0.202807, 0.183620, 0.961849, 0.000000,
                         0.440341, 0.000000, 0.000000, 1.000000;;
                        }

                        Frame villager_R_Forearm {
                           FrameTransformMatrix {
                            -0.239819, 0.000000, -0.970818, 0.000000,
                            0.000000, 1.000000, 0.000000, 0.000000,
                            0.970818, 0.000000, -0.239819, 0.000000,
                            0.849313, 0.000000, 0.000000, 1.000000;;
                           }

                           Frame villager_R_Hand {
                              FrameTransformMatrix {
                               0.999940, 0.005271, -0.009575, 0.000000,
                               -0.007477, -0.309187, -0.950972, 0.000000,
                               -0.007973, 0.950988, -0.309129, 0.000000,
                               0.666227, 0.000001, 0.000000, 1.000000;;
                              }

                              Frame villager_R_Finger0 {
                                 FrameTransformMatrix {
                                  0.619464, -0.113007, 0.776849, 0.000000,
                                  -0.763916, 0.141168, 0.629686, 0.000000,
                                  -0.180825, -0.983514, 0.001120, 0.000000,
                                  0.117646, 0.170190, 0.057049, 1.000000;;
                                 }

                                 Frame villager_R_Finger01 {
                                    FrameTransformMatrix {
                                     0.848850, 0.000000, 0.528632, 0.000000,
                                     0.000000, 1.000000, 0.000000, 0.000000,
                                     -0.528633, 0.000000, 0.848851, 0.000000,
                                     0.117742, 0.000000, 0.000000, 1.000000;;
                                    }

                                 }
                              }
                              Frame villager_R_Finger1 {
                                 FrameTransformMatrix {
                                  0.648638, 0.000606, 0.761097, 0.000000,
                                  -0.000000, 1.000000, -0.000796, 0.000000,
                                  -0.761097, 0.000516, 0.648638, 0.000000,
                                  0.278412, 0.078488, 0.018947, 1.000000;;
                                 }

                                 Frame villager_R_Finger11 {
                                    FrameTransformMatrix {
                                     0.361810, 0.000000, 0.932252, 0.000000,
                                     0.000000, 1.000000, 0.000000, 0.000000,
                                     -0.932252, 0.000000, 0.361810, 0.000000,
                                     0.122758, 0.000000, 0.000000, 1.000000;;
                                    }

                                 }
                              }
                              Frame villager_R_Finger2 {
                                 FrameTransformMatrix {
                                  0.514589, -0.102662, 0.851269, 0.000000,
                                  0.196889, 0.980425, -0.000781, 0.000000,
                                  -0.834525, 0.168007, 0.524729, 0.000000,
                                  0.293815, -0.000495, 0.011392, 1.000000;;
                                 }

                                 Frame villager_R_Finger21 {
                                    FrameTransformMatrix {
                                     0.348076, 0.000000, 0.937466, 0.000000,
                                     0.000000, 1.000000, 0.000000, 0.000000,
                                     -0.937466, 0.000000, 0.348076, 0.000000,
                                     0.126298, 0.000000, 0.000000, 1.000000;;
                                    }

                                 }
                              }
                              Frame villager_R_Finger3 {
                                 FrameTransformMatrix {
                                  0.542578, -0.201434, 0.815495, 0.000000,
                                  0.349027, 0.937112, -0.000746, 0.000000,
                                  -0.764061, 0.285035, 0.578763, 0.000000,
                                  0.279238, -0.075276, 0.015871, 1.000000;;
                                 }

                                 Frame villager_R_Finger31 {
                                    FrameTransformMatrix {
                                     0.419784, 0.000000, 0.907624, 0.000000,
                                     0.000000, 1.000000, 0.000000, 0.000000,
                                     -0.907624, 0.000000, 0.419784, 0.000000,
                                     0.120341, 0.000000, 0.000000, 1.000000;;
                                    }

                                 }
                              }
                              Frame villager_R_Finger4 {
                                 FrameTransformMatrix {
                                  0.490633, -0.386447, 0.780986, 0.000000,
                                  0.619375, 0.785095, -0.000625, 0.000000,
                                  -0.612906, 0.484029, 0.624548, 0.000000,
                                  0.218433, -0.128361, 0.013783, 1.000000;;
                                 }

                                 Frame villager_R_Finger41 {
                                    FrameTransformMatrix {
                                     0.392584, 0.000000, 0.919716, 0.000000,
                                     0.000000, 1.000000, 0.000000, 0.000000,
                                     -0.919716, 0.000000, 0.392584, 0.000000,
                                     0.091556, 0.000000, 0.000000, 1.000000;;
                                    }

                                 }
                              }
                           }
                        }
                     }
                  }
               }
            }
            Frame villager_L_Thigh {
               FrameTransformMatrix {
                -0.877273, 0.281386, 0.388863, 0.000000,
                -0.160247, -0.935358, 0.315321, 0.000000,
                0.452453, 0.214308, 0.865655, 0.000000,
                -0.300217, 0.269688, 0.014239, 1.000000;;
               }

               Frame villager_L_Calf {
                  FrameTransformMatrix {
                   0.688878, 0.000000, -0.724877, 0.000000,
                   0.000000, 1.000000, 0.000000, 0.000000,
                   0.724877, 0.000000, 0.688878, 0.000000,
                   1.110378, 0.000000, 0.000000, 1.000000;;
                  }

                  Frame villager_L_Foot {
                     FrameTransformMatrix {
                      0.949739, 0.238428, 0.202848, 0.000000,
                      -0.239195, 0.970742, -0.021095, 0.000000,
                      -0.201943, -0.028485, 0.978983, 0.000000,
                      1.110378, 0.000000, 0.000000, 1.000000;;
                     }

                     Frame villager_L_Toe0 {
                        FrameTransformMatrix {
                         -0.000000, 0.000000, 1.000000, 0.000000,
                         -0.000000, 1.000000, 0.000000, 0.000000,
                         -1.000000, 0.000000, -0.000000, 0.000000,
                         0.255387, 0.000000, 0.447009, 1.000000;;
                        }

                     }
                  }
               }
            }
            Frame villager_R_Thigh {
               FrameTransformMatrix {
                -0.865744, -0.447804, 0.223515, 0.000000,
                0.431470, -0.894100, -0.120075, 0.000000,
                0.253615, -0.007515, 0.967276, 0.000000,
                -0.204762, -0.346345, -0.016428, 1.000000;;
               }

               Frame villager_R_Calf {
                  FrameTransformMatrix {
                   0.665159, 0.000000, -0.746702, 0.000000,
                   0.000000, 1.000000, 0.000000, 0.000000,
                   0.746702, 0.000000, 0.665158, 0.000000,
                   1.110378, 0.000000, 0.000000, 1.000000;;
                  }

                  Frame villager_R_Foot {
                     FrameTransformMatrix {
                      0.881007, -0.244424, 0.405072, 0.000000,
                      0.203587, 0.968740, 0.141758, 0.000000,
                      -0.427059, -0.042422, 0.903228, 0.000000,
                      1.110378, 0.000000, 0.000000, 1.000000;;
                     }

                     Frame villager_R_Toe0 {
                        FrameTransformMatrix {
                         -0.000000, 0.000000, 1.000000, 0.000000,
                         -0.000000, 1.000000, 0.000000, 0.000000,
                         -1.000000, 0.000000, -0.000000, 0.000000,
                         0.255387, 0.000000, 0.447009, 1.000000;;
                        }

                     }
                  }
               }
            }
         }
      }
   }

   Frame NoNameMat0 {
      FrameTransformMatrix {
       1.000000, 0.000000, 0.000000, 0.000000,
       0.000000, 1.000000, 0.000000, 0.000000,
       0.000000, 0.000000, 1.000000, 0.000000,
       0.000000, 0.000000, 0.000000, 1.000000;;
      }

      Mesh NoNameMat0 {
       2511;
       -0.380032; 3.078826; 0.758987;,
       -0.662646; 3.058659; 1.094090;,
       -0.545001; 3.164446; 0.774559;,
       -0.588539; 2.981682; 1.136980;,
       -0.539580; 3.015267; 1.062031;,
       -0.390669; 3.383417; 0.812062;,
       -0.541852; 3.307105; 0.823193;,
       -0.458050; 3.366781; 0.957048;,
       -0.474051; 3.326077; 0.712699;,
       -0.318545; 2.310214; -0.005449;,
       -0.261420; 2.456610; -0.137922;,
       -0.270299; 2.325063; -0.135175;,
       -0.273012; 2.589424; 0.049086;,
       -0.468553; 1.220375; 0.241550;,
       -0.414951; 1.347241; 0.096902;,
       -0.147611; 1.519992; 0.212384;,
       -0.514993; 1.175656; 0.152037;,
       0.026547; 1.999162; 0.058138;,
       0.004022; 1.737417; 0.199848;,
       -0.099325; 1.799565; 0.018157;,
       0.153742; 2.009884; 0.228909;,
       -0.129041; 1.922010; 0.453849;,
       -0.540724; 1.647838; 0.398552;,
       -0.313157; 1.634538; 0.455474;,
       -0.342433; 1.973147; 0.407877;,
       -0.271572; 3.082181; 0.987473;,
       -0.539580; 3.015267; 1.062031;,
       -0.380032; 3.078826; 0.758987;,
       -0.400113; 3.025291; 1.133268;,
       -0.158036; 2.029577; -0.140936;,
       -0.191401; 2.162581; -0.204699;,
       -0.230683; 2.125280; -0.052978;,
       -0.021856; 2.144477; 0.468027;,
       -0.216343; 2.217114; 0.420308;,
       -0.359575; 3.132478; 1.227022;,
       -0.231600; 3.199597; 1.050352;,
       -0.266347; 1.566501; 0.032847;,
       -0.524069; 1.263284; 0.381837;,
       -0.616215; 1.270054; 0.395594;,
       -0.365464; 2.227309; 0.155758;,
       -0.341961; 2.217410; 0.312743;,
       -0.347406; 2.337912; 0.099947;,
       -0.102118; 2.006608; -0.030240;,
       -0.099325; 1.799565; 0.018157;,
       -0.278611; 1.835963; -0.058870;,
       -0.299971; 2.722409; -0.085792;,
       -0.223962; 2.617218; -0.234152;,
       -0.292154; 2.598549; -0.098611;,
       -0.227514; 2.743644; -0.213969;,
       0.001257; 2.243681; 0.521613;,
       0.151269; 2.625743; 0.345347;,
       -0.025549; 2.601645; 0.400122;,
       0.217829; 2.210686; 0.396015;,
       -0.286738; 3.354641; 0.291964;,
       -0.230105; 3.448365; 0.356154;,
       -0.119254; 3.502366; 0.159119;,
       -0.466794; 1.702246; -0.044141;,
       -0.388072; 1.644985; -0.033928;,
       -0.347300; 1.922999; -0.058782;,
       -0.730521; 1.171563; 0.334489;,
       -0.562423; 1.040101; 0.556969;,
       -0.642769; 1.187853; 0.418369;,
       -0.616444; 0.914805; 0.484591;,
       -0.676617; 3.126282; 1.085181;,
       -0.546193; 3.224560; 0.791615;,
       0.063720; 2.322375; 0.445877;,
       0.009792; 2.508468; 0.350887;,
       -0.173992; 2.417111; 0.331217;,
       -0.051200; 1.789218; 0.375037;,
       0.090392; 2.037103; 0.377699;,
       -0.450663; 3.239565; 1.231422;,
       -0.328029; 3.322479; 1.043924;,
       -0.606758; 3.171806; 1.379791;,
       -0.703433; 3.058347; 1.401359;,
       -0.522826; 3.181098; 1.361998;,
       0.260581; 3.215802; 0.582393;,
       0.347863; 3.443974; 0.434856;,
       0.221187; 3.398245; 0.587276;,
       0.383133; 3.263516; 0.416396;,
       -0.264427; 2.693519; 0.237687;,
       -0.337379; 2.703734; 0.104191;,
       -0.335266; 2.583216; 0.093795;,
       -0.671903; 0.969534; 0.313411;,
       -0.499798; 0.866922; 0.313450;,
       -0.609206; 0.863869; 0.379492;,
       0.005620; 3.199135; 0.782531;,
       0.050941; 3.121128; 0.675272;,
       0.075246; 3.363128; 0.706295;,
       -0.397733; 1.161191; 0.435538;,
       -0.465479; 1.162326; 0.267353;,
       -0.487254; 1.190888; 0.353428;,
       -0.367173; 1.079599; 0.365777;,
       -0.686204; 2.975018; 1.304270;,
       -0.627329; 2.969344; 1.192271;,
       -0.503712; 2.947259; 1.309320;,
       -0.916643; 3.171099; 0.860977;,
       -0.786850; 3.030598; 1.073939;,
       -0.995431; 3.111579; 0.915704;,
       -0.725903; 3.097075; 1.006407;,
       -0.111214; 3.423627; 0.013125;,
       -0.190711; 3.266392; -0.085439;,
       -0.285031; 3.245987; 0.013262;,
       -0.164093; 3.443427; 0.657130;,
       -0.192900; 3.508537; 0.439221;,
       -0.283402; 3.438023; 0.550987;,
       0.148402; 3.513577; 0.549211;,
       -0.027061; 3.492026; 0.633668;,
       0.007564; 3.440368; 0.661695;,
       -0.024649; 3.582999; 0.491049;,
       0.074950; 3.614379; 0.471596;,
       0.276961; 2.656163; 0.211550;,
       0.400587; 2.236846; 0.242521;,
       -0.331796; 3.150843; 0.351275;,
       -0.341653; 3.187076; 0.428280;,
       -0.190045; 2.889456; 0.393975;,
       -0.276877; 2.920499; 0.286045;,
       -0.185855; 2.699006; 0.335767;,
       -0.645730; 3.095316; 1.169764;,
       -0.688928; 3.175044; 1.005874;,
       -0.650555; 3.174747; 1.192875;,
       -0.692374; 3.253826; 1.097902;,
       -0.727896; 3.293467; 1.190198;,
       0.174082; 2.230079; 0.405986;,
       0.254503; 2.393042; 0.257624;,
       0.116201; 2.513567; 0.341903;,
       0.292146; 2.226131; 0.262315;,
       0.170581; 2.090068; 0.105140;,
       0.228438; 2.115997; 0.246487;,
       -0.072954; 2.887308; 0.505983;,
       -0.190889; 2.966355; 0.405433;,
       -0.190045; 2.889456; 0.393975;,
       -0.060938; 3.002674; 0.547270;,
       -0.205217; 3.067132; 0.788145;,
       -0.229624; 3.077382; 0.394640;,
       -1.117205; 3.193741; 1.098008;,
       -0.836117; 3.029155; 1.205495;,
       -0.854206; 3.109794; 1.313202;,
       0.026547; 1.999162; 0.058138;,
       -0.680695; 1.502011; 0.263447;,
       -0.569911; 1.769722; 0.037119;,
       -0.665741; 1.463072; 0.100926;,
       -0.586188; 1.790888; 0.230701;,
       -0.741804; 1.145571; 0.202094;,
       -0.325304; 2.305353; 0.309304;,
       -0.397602; 2.309276; 0.118793;,
       -0.274102; 2.577283; 0.241640;,
       -0.340846; 2.220798; 0.016189;,
       -0.452857; 2.059305; 0.183030;,
       -0.433244; 2.023270; 0.029935;,
       -0.097201; 3.120758; 0.847010;,
       -0.539302; 1.397393; 0.048388;,
       -0.514993; 1.175656; 0.152037;,
       -0.596476; 1.207551; 0.098835;,
       -0.414951; 1.347241; 0.096902;,
       -0.214156; 1.575181; 0.377117;,
       -0.569255; 3.266556; 1.162773;,
       -0.655709; 3.214278; 1.100801;,
       0.058221; 3.001889; 0.602707;,
       -0.036401; 2.713352; 0.411658;,
       0.250503; 2.988522; 0.516070;,
       -0.185855; 2.699006; 0.335767;,
       -0.356433; 2.300728; -0.111339;,
       -0.272509; 2.296221; -0.279123;,
       -0.542772; 1.199897; 0.409066;,
       -0.489427; 1.251309; 0.322887;,
       -0.266347; 1.566501; 0.032847;,
       -0.189454; 2.581546; 0.325012;,
       -0.216247; 2.294959; 0.417491;,
       -0.319447; 3.390177; 0.440825;,
       -0.413849; 3.286492; 0.526921;,
       -0.703215; 1.268973; 0.321133;,
       -0.720163; 1.265431; 0.164107;,
       -0.419615; 3.162118; 0.584961;,
       -0.229624; 3.077382; 0.394640;,
       -0.413906; 2.031652; 0.340295;,
       -0.126797; 2.514380; 0.270546;,
       -0.786850; 3.030598; 1.073939;,
       -1.067196; 3.140508; 1.020890;,
       -0.157594; 3.247053; 0.916179;,
       -0.805765; 3.215860; 1.289598;,
       -0.606187; 3.221879; 1.272681;,
       -0.518073; 1.085114; 0.182120;,
       -0.408984; 0.941799; 0.299375;,
       -0.615098; 1.084635; 0.160589;,
       -0.518073; 1.085114; 0.182120;,
       -0.060865; 3.273645; 0.772643;,
       -0.073529; 3.372801; 0.737561;,
       0.272666; 2.401104; 0.160797;,
       0.293537; 2.235194; 0.156682;,
       -0.495411; 3.050532; 1.406063;,
       -0.080253; 1.983217; -0.077851;,
       -0.627329; 2.969344; 1.192271;,
       -0.715678; 3.028407; 1.195194;,
       -0.098797; 3.511664; 0.575821;,
       -0.288242; 2.322244; 0.230775;,
       -0.245958; 2.511010; 0.231593;,
       -0.885648; 3.255289; 0.894632;,
       -0.084673; 3.254906; 0.838736;,
       -0.256567; 3.387908; 0.909095;,
       -0.202062; 3.430921; 0.779815;,
       -0.344563; 3.202600; 0.199495;,
       -0.169116; 2.357525; 0.365000;,
       -0.173992; 2.417111; 0.331217;,
       -0.956185; 3.355247; 1.057180;,
       -0.876619; 3.346708; 0.948517;,
       0.147699; 2.737013; 0.362593;,
       -0.365281; 1.079124; 0.484590;,
       -0.470290; 1.132496; 0.533644;,
       -0.451394; 1.076816; 0.560810;,
       -0.348242; 1.032237; 0.390759;,
       -0.189454; 2.581546; 0.325012;,
       -0.216247; 2.294959; 0.417491;,
       -0.471223; 3.249799; 0.649015;,
       -0.409223; 3.348976; 0.584478;,
       -0.172030; 2.593536; -0.205843;,
       -0.306595; 3.009319; 0.290332;,
       -0.995431; 3.111579; 0.915704;,
       -0.125941; 3.552281; 0.360822;,
       -0.118741; 3.518726; 0.273991;,
       -0.588539; 2.981682; 1.136980;,
       -1.064606; 3.301893; 1.113172;,
       -0.190889; 2.966355; 0.405433;,
       0.273152; 2.766600; 0.228562;,
       -0.204767; 2.484501; -0.241800;,
       0.213043; 2.533043; 0.237171;,
       0.237254; 2.546278; 0.156543;,
       -0.408984; 0.941799; 0.299375;,
       -0.245958; 2.511010; 0.231593;,
       -0.317366; 2.951848; 0.156207;,
       -0.319223; 3.011014; 0.185362;,
       -0.200721; 3.099553; -0.124942;,
       -0.295875; 3.061095; -0.028686;,
       -0.286215; 2.985597; -0.032148;,
       -0.211061; 3.008243; -0.150816;,
       -0.341499; 3.406282; 0.685061;,
       -0.078176; 3.563076; 0.476069;,
       -1.225354; 3.261483; 1.049877;,
       -1.174045; 3.183473; 0.938782;,
       -1.032070; 3.184412; 0.789589;,
       -0.996991; 3.284133; 0.797125;,
       -1.100181; 3.135857; 0.829536;,
       -1.170539; 3.367862; 1.043723;,
       -1.060368; 3.425515; 0.966325;,
       -0.982068; 3.383349; 0.841454;,
       -1.100181; 3.135857; 0.829536;,
       0.378013; 3.014290; 0.365997;,
       -0.043226; 2.079454; 0.536727;,
       0.184361; 2.066490; 0.469143;,
       -0.436900; 2.141918; -0.046803;,
       -0.472819; 2.171503; 0.156471;,
       -0.366114; 2.178313; 0.355529;,
       -0.278036; 2.128978; 0.480373;,
       -0.290687; 2.140504; -0.291032;,
       -0.278036; 2.128978; 0.480373;,
       -0.310440; 2.721515; -0.091137;,
       -0.234753; 2.619367; -0.243204;,
       -0.302832; 2.599892; -0.103490;,
       -0.237999; 2.744595; -0.222973;,
       -0.272792; 2.693058; 0.245228;,
       -0.347406; 2.696608; 0.104737;,
       -0.345462; 2.579136; 0.093658;,
       -0.281423; 2.574345; 0.249141;,
       -0.189976; 2.694607; 0.347596;,
       -0.188617; 2.580359; 0.341415;,
       -0.031331; 2.710730; 0.427239;,
       -0.020247; 2.596719; 0.415387;,
       0.167330; 2.616803; 0.357599;,
       0.163883; 2.731530; 0.375224;,
       -0.280118; 2.600660; -0.097058;,
       -0.321991; 2.579060; 0.091017;,
       -0.261880; 2.572272; 0.236039;,
       -0.174985; 2.581703; 0.322174;,
       -0.018088; 2.599341; 0.392013;,
       0.155318; 2.619540; 0.337447;,
       0.293695; 2.647013; 0.224513;,
       0.275818; 2.648732; 0.209180;,
       0.151623; 2.734238; 0.355217;,
       -0.029041; 2.713364; 0.403879;,
       -0.175528; 2.695870; 0.328954;,
       -0.252746; 2.691677; 0.232814;,
       -0.324061; 2.697321; 0.101216;,
       -0.287792; 2.722255; -0.084474;,
       -0.221068; 2.742625; -0.208514;,
       0.281754; 3.536409; 0.431652;,
       -0.219395; 2.327115; -0.238715;,
       -0.628364; 1.113896; 0.513799;,
       -0.500304; 1.208248; 0.500876;,
       -0.626202; 1.116126; 0.491289;,
       -0.508756; 1.207611; 0.478737;,
       -0.397736; 1.213622; 0.364980;,
       -0.451695; 1.223143; 0.434426;,
       -0.375362; 1.212871; 0.377739;,
       -0.436028; 1.223752; 0.452469;,
       -0.684265; 1.024763; 0.432805;,
       -0.695665; 1.024570; 0.452683;,
       -0.713105; 0.935220; 0.371727;,
       -0.684761; 0.952527; 0.339025;,
       -0.698862; 0.927800; 0.341172;,
       -0.351075; 0.810232; 0.306554;,
       -0.474489; 0.996814; 0.228598;,
       -0.372364; 1.105753; 0.263530;,
       -0.394782; 1.115802; 0.265634;,
       -0.363792; 1.175776; 0.328873;,
       -0.388955; 1.182860; 0.323974;,
       -0.597214; 0.938823; 0.265429;,
       -0.592905; 0.917984; 0.252013;,
       -0.684761; 0.952527; 0.339025;,
       -0.675208; 0.906950; 0.312500;,
       -0.405404; 1.061632; 0.656941;,
       -0.546326; 0.978828; 0.680440;,
       -0.652961; 0.865951; 0.628053;,
       -0.325443; 1.076331; 0.596349;,
       -0.255696; 0.901603; 0.350202;,
       -0.230176; 0.976797; 0.411573;,
       -0.244791; 1.036356; 0.470021;,
       -0.491630; 0.714667; 0.300826;,
       -0.629450; 0.835069; 0.321280;,
       -0.599036; 0.678324; 0.368928;,
       -0.702762; 0.905641; 0.454044;,
       -0.696698; 0.757169; 0.561845;,
       -0.291388; 1.070833; 0.557001;,
       -0.614719; 1.108058; 0.477747;,
       -0.510650; 1.190623; 0.465811;,
       -0.460694; 1.204645; 0.426326;,
       -0.412726; 1.196442; 0.364501;,
       -0.666184; 1.023915; 0.428804;,
       -0.663832; 0.961648; 0.346103;,
       -0.410272; 1.109418; 0.277994;,
       -0.480552; 1.002614; 0.245704;,
       -0.405274; 1.169241; 0.328959;,
       -0.589504; 0.950595; 0.278695;,
       -0.663832; 0.961648; 0.346103;,
       -0.698862; 0.927800; 0.341172;,
       -0.365096; 0.630706; 0.723251;,
       -0.425013; 0.894287; 0.663622;,
       -0.443563; 0.612341; 0.715294;,
       -0.516533; 0.866142; 0.645915;,
       -0.237585; 0.626145; 0.662209;,
       -0.262390; 0.881041; 0.554230;,
       -0.309219; 0.646867; 0.732844;,
       -0.359092; 0.898801; 0.645588;,
       -0.495581; 0.563925; 0.643078;,
       -0.584065; 0.800196; 0.568625;,
       -0.347541; 0.506714; 0.768125;,
       -0.319745; 0.387619; 0.870115;,
       -0.283519; 0.513355; 0.770469;,
       -0.235762; 0.410396; 0.857837;,
       -0.222316; 0.497867; 0.719248;,
       -0.170729; 0.423707; 0.800488;,
       -0.279874; 0.808920; 0.420107;,
       -0.239668; 0.569921; 0.560991;,
       -0.375488; 0.745545; 0.361024;,
       -0.315619; 0.528625; 0.503907;,
       -0.375488; 0.745545; 0.361024;,
       -0.315619; 0.528625; 0.503907;,
       -0.513795; 0.722142; 0.381664;,
       -0.432203; 0.495039; 0.497121;,
       -0.158586; 0.366079; 0.723147;,
       -0.217404; 0.464689; 0.634134;,
       -0.451471; 1.048376; 0.561931;,
       -0.562090; 0.985915; 0.571803;,
       -0.332464; 1.062224; 0.455890;,
       -0.405426; 1.065816; 0.549022;,
       -0.619867; 0.910414; 0.514318;,
       -0.585982; 0.752174; 0.463093;,
       -0.622129; 0.840245; 0.423399;,
       -0.328192; 0.952812; 0.331617;,
       -0.501676; 0.521471; 0.570633;,
       -0.461044; 0.434811; 0.700482;,
       -0.458287; 0.390890; 0.634593;,
       -0.430011; 0.328387; 0.774739;,
       -0.438883; 0.295203; 0.694477;,
       -0.356855; 0.304066; 0.634950;,
       -0.398038; 0.382364; 0.570801;,
       -0.556836; 0.823289; 0.335066;,
       -0.233019; 0.312903; 0.642475;,
       -0.285593; 0.419064; 0.583207;,
       -0.424545; 0.855985; 0.295217;,
       -0.233019; 0.312903; 0.642475;,
       -0.285593; 0.419064; 0.583207;,
       -0.424545; 0.855985; 0.295217;,
       -0.421313; 0.480675; 0.754173;,
       -0.382149; 0.364343; 0.843875;,
       -0.145576; 0.360077; 0.809752;,
       -0.214367; 0.350713; 0.866667;,
       -0.453173; 0.244942; 0.701944;,
       -0.367315; 0.209725; 0.658624;,
       -0.477740; 0.220969; 0.692857;,
       -0.373323; 0.161860; 0.660987;,
       -0.104937; 0.173783; 0.911164;,
       -0.120737; 0.046826; 0.913623;,
       -0.106106; 0.145986; 0.811934;,
       -0.118421; 0.035586; 0.823085;,
       -0.201388; 0.047316; 0.963237;,
       -0.120737; 0.046826; 0.913623;,
       -0.187685; 0.171202; 0.959913;,
       -0.104937; 0.173783; 0.911164;,
       -0.489234; 0.100701; 0.606891;,
       -0.548730; 0.149159; 0.671259;,
       -0.216030; 0.113176; 0.724868;,
       -0.218640; 0.194914; 0.711934;,
       -0.382864; 0.126889; 0.916351;,
       -0.483934; 0.184830; 0.806964;,
       -0.591087; 0.063317; 0.847010;,
       -0.585287; -0.044338; 0.878106;,
       -0.394049; -0.001873; 0.905230;,
       -0.292865; 0.040309; 0.952989;,
       -0.291667; 0.135549; 0.957299;,
       -0.400983; 0.067541; 0.636679;,
       -0.454715; -0.065195; 0.618160;,
       -0.298317; -0.014050; 0.723390;,
       -0.208867; 0.021884; 0.748396;,
       -0.897110; -0.007171; 0.601503;,
       -0.806401; -0.006934; 0.720776;,
       -0.753285; 0.044900; 0.688222;,
       -0.578523; 0.116697; 0.773596;,
       -0.821595; -0.073945; 0.737256;,
       -0.888496; -0.081533; 0.623420;,
       -0.703385; 0.079594; 0.601064;,
       -0.861058; 0.026352; 0.546401;,
       -0.707569; -0.023037; 0.492713;,
       -0.837063; -0.018725; 0.492717;,
       -0.696212; 0.033752; 0.524058;,
       -0.827466; -0.089455; 0.503791;,
       -0.705229; -0.090811; 0.502605;,
       -0.880635; -0.086973; 0.549147;,
       -0.901677; -0.024567; 0.525659;,
       -0.107381; 0.255067; 0.802321;,
